,0,1,2
0,100,0.8401367304521943,0.7999981695449199
1,200,0.878787435525412,0.827030746089199
2,300,0.8992624536968568,0.83991092153146
3,400,0.9111661395992628,0.8462572594858122
4,500,0.9210498610749862,0.8511052020463824
5,600,0.9287918492197651,0.8547358211375724
6,700,0.9339899236085084,0.8572124994221836
7,800,0.9384132222323673,0.8585822650871681
8,900,0.9414111471421603,0.8596370544534391
9,1000,0.9438098670990429,0.8601586056701734
10,1100,0.9458733266329702,0.8605753352110884
11,1200,0.9478287614542661,0.8609367868247537
12,1300,0.949143616177322,0.8612358007234321
13,1400,0.9503589343425184,0.8613714277169207
14,1500,0.9515877415075272,0.8615352699937915
15,1600,0.9525935621190842,0.8615771605538965
16,1700,0.9534086422041435,0.8616905282981852
17,1800,0.954019426485742,0.8617472610574276
18,1900,0.9545781981126513,0.8617310005546408
19,2000,0.955161436701935,0.8617908855449338
20,2100,0.9555220908580885,0.8616943145490108
21,2200,0.9559675649346038,0.8616367842847522
22,2300,0.9562803185259205,0.8616133403107641
23,2400,0.9566382048849691,0.861593251530235
24,2500,0.9569310215828342,0.8614478168992388
25,2600,0.9571633396196348,0.8612703568943465
26,2700,0.9574025757971141,0.8611916583712845
27,2800,0.9575934914464397,0.861066536086586
28,2900,0.9577587381178526,0.8609900305170536
29,3000,0.9579253247337244,0.8608645533628523
30,3100,0.9580781698780257,0.8607476818851247
31,3200,0.9581804794313995,0.8606581532338137
32,3300,0.9582856796930083,0.8605588744014692
33,3400,0.9583842223740526,0.8604983729773115
34,3500,0.9584912611626943,0.8604640816285047
35,3600,0.9585609766528311,0.8603651174059962
36,3700,0.9586444337719562,0.8602933660207245
37,3800,0.9587298239783335,0.8602245556392022
38,3900,0.9587954598911244,0.8601466337199362
